1	0
2	0
3	1
4	2
5	3
6	3
7	4
8	5
9	5
10	0
11	1
12	6
13	1
14	0
15	1
16	2
17	7
18	7
19	8
20	8
21	9
22	9
23	0
24	10
25	10
26	11
27	11
28	12
29	12
30	13
31	13
32	14
33	14
34	15
35	15
36	16
37	3
38	17
39	17
40	18
41	18
42	19
43	20
44	20
45	1
46	1
47	1
48	1
49	21
50	21
51	22
52	22
53	22
54	22
55	1
56	23
57	23
58	24
59	24
60	25
61	25
62	13
63	26
64	5
65	5
66	0
67	10
68	27
69	27
70	28
71	28
72	23
73	20
74	20
75	29
76	29
77	30
78	30
79	31
80	31
81	32
82	32
83	0
84	7
85	7
86	33
87	33
88	34
89	34
90	35
91	35
92	5
93	5
94	1
95	1
96	21
97	21
98	36
99	36
100	16
101	16
102	37
103	5
104	5
105	38
106	38
107	3
108	3
109	18
110	1
111	1
112	39
113	39
114	40
115	2
116	0
117	41
118	41
119	36
120	42
121	42
122	43
123	43
124	0
125	0
126	23
127	0
128	2
129	44
130	44
131	1
132	1
133	42
134	2
135	45
136	45
137	46
138	47
139	2
140	48
141	48
142	17
143	17
144	31
145	49
146	49
147	13
148	50
149	50
150	20
151	3
152	3
153	51
154	5
155	50
156	50
157	52
158	53
159	47
160	52
161	54
162	54
163	55
164	55
165	0
166	32
167	32
168	1
169	32
170	32
171	48
172	3
173	56
174	56
175	57
176	57
177	58
178	58
179	59
180	59
181	5
182	60
183	60
184	36
185	6
186	61
187	61
188	32
189	31
190	36
191	36
192	8
193	7
194	11
195	11
196	25
197	62
198	62
199	54
200	54
201	63
202	5
203	64
204	64
205	30
206	21
207	65
208	65
209	66
210	66
211	1
212	30
213	2
214	41
215	41
216	53
217	5
218	67
219	67
220	68
221	68
222	11
223	11
224	69
225	69
226	49
227	49
228	2
229	21
230	70
231	5
232	37
233	3
234	48
235	71
236	71
237	46
238	42
239	52
240	72
241	70
242	5
243	30
244	28
245	73
246	0
247	2
248	72
249	1
250	7
251	5
252	24
253	24
254	74
255	74
256	5
257	50
258	50
259	32
260	5
261	75
262	75
263	2
264	11
265	76
266	76
267	40
268	2
269	2
270	29
271	28
272	1
273	49
274	49
275	10
276	3
277	3
278	47
279	47
280	11
281	47
282	20
283	5
284	28
285	28
286	5
287	77
288	77
289	17
290	10
291	10
292	78
293	78
294	48
295	79
296	79
297	80
298	80
299	10
300	7
301	81
302	81
303	82
304	1
305	1
306	3
307	51
308	0
309	1
310	81
311	28
312	8
313	54
314	54
315	77
316	56
317	56
318	1
319	51
320	5
321	57
322	80
323	65
324	66
325	82
326	82
327	79
328	83
329	0
330	38
331	54
332	34
333	57
334	66
335	66
336	2
337	60
338	61
339	61
340	0
341	84
342	84
343	84
344	2
345	2
346	1
347	33
348	33
349	36
350	36
351	38
352	30
353	0
354	6
355	34
356	56
357	54
358	5
359	34
360	85
361	85
362	10
363	86
364	86
365	87
366	36
367	88
368	88
369	41
370	89
371	89
372	90
373	90
374	18
375	90
376	50
377	91
378	48
379	48
380	42
381	10
382	10
383	10
384	68
385	16
386	58
387	58
388	5
389	13
390	15
391	92
392	41
393	93
394	93
395	94
396	61
397	36
398	30
399	54
400	50
401	95
402	95
403	30
404	3
405	15
406	76
407	25
408	0
409	0
410	8
411	96
412	96
413	97
414	97
415	98
416	98
417	22
418	22
419	66
420	99
421	99
422	25
423	21
424	21
425	70
426	80
427	80
428	0
429	100
430	100
431	46
432	46
433	76
434	88
435	73
436	101
437	101
438	101
439	65
440	23
441	102
442	102
443	1
444	58
445	11
446	90
447	1
448	92
449	92
450	54
451	77
452	0
453	0
454	60
455	85
456	85
457	93
458	17
459	16
460	102
461	102
462	0
463	103
464	52
465	52
466	50
467	31
468	68
469	68
470	31
471	73
472	47
473	84
474	84
475	104
476	104
477	105
478	105
479	13
480	7
481	5
482	1
483	52
484	106
485	106
486	7
487	52
488	52
489	52
490	3
491	3
492	0
493	52
494	26
495	26
496	49
497	54
498	52
499	56
500	5
501	80
502	90
503	77
504	77
505	2
506	75
507	107
508	107
509	67
510	21
511	2
512	2
513	52
514	13
515	50
516	50
517	52
518	38
519	50
520	0
521	1
522	58
523	108
524	108
525	68
526	42
527	6
528	87
529	87
530	18
531	109
532	109
533	28
534	14
535	99
536	46
537	45
538	89
539	73
540	61
541	3
542	21
543	48
544	44
545	57
546	88
547	88
548	16
549	54
550	2
551	2
552	100
553	33
554	109
555	109
556	3
557	25
558	0
559	96
560	5
561	36
562	2
563	45
564	70
565	94
566	94
567	2
568	8
569	87
570	87
571	49
572	23
573	88
574	110
575	35
576	35
577	77
578	77
579	62
580	52
581	111
582	111
583	3
584	21
585	92
586	58
587	87
588	75
589	93
590	43
591	61
592	40
593	88
594	46
595	5
596	112
597	112
598	61
599	2
600	61
601	15
602	112
603	71
604	88
605	0
606	54
607	113
608	113
609	2
610	91
611	65
612	3
613	33
614	22
615	63
616	63
617	2
618	97
619	97
620	101
621	101
622	30
623	11
624	54
625	114
626	114
627	7
628	7
629	45
630	84
631	84
632	105
633	31
634	115
635	79
636	73
637	96
638	115
639	96
640	71
641	4
642	9
643	9
644	8
645	109
646	9
647	116
648	13
649	22
650	2
651	11
652	48
653	48
654	105
655	1
656	5
657	66
658	66
659	5
660	56
661	23
662	62
663	9
664	21
665	11
666	13
667	53
668	13
669	117
670	85
671	42
672	108
673	89
674	32
675	105
676	31
677	114
678	37
679	104
680	108
681	92
682	62
683	50
684	3
685	39
686	78
687	78
688	118
689	118
690	119
691	119
692	11
693	120
694	13
695	0
696	66
697	100
698	10
699	121
700	121
701	112
702	3
703	122
704	60
705	24
706	84
707	63
708	99
709	91
710	63
711	2
712	44
713	44
714	106
715	39
716	47
717	6
718	66
719	123
720	123
721	5
722	60
723	121
724	10
